Right leg
Kp=0;
Ki=0.575272600261818;
Kd=0;
Left leg
Kp=0;
Ki=0.424212850038192;
Kd=0;